02 52 48 9A 03 'RH'
02 46 31 77 03 'F1'
02 46 35 7B 03 'F5'
02 46 36 7C 03 'F6'
02 46 37 7D 03 'F7'
02 46 34 7A 03 'F4'
===repeat
02 52 48 9A 03
02 46 31 77 03 
02 46 35 7B 03
02 46 36 7C 03
02 46 37 7D 03
02 46 34 7A 03 
===repeat
02 52 48 9A 03 02 46 31 77 03 02 46 35 7B 03 02 46 36 7C 03 
02 46 37 7D 03 02 46 34 7A 03 02 52 48 9A 03 02 46 31 77 03 
02 46 35 7B 03 02 46 36 7C 03 02 46 37 7D 03 02 46 34 7A 03 
02 52 48 9A 03 02 46 31 77 03 02 46 35 7B 03 02 46 36 7C 03 
02 46 37 7D 03 02 46 34 7A 03 02 52 48 9A 03 02 46 31 77 03 
02 46 35 7B 03 02 46 36 7C 03 02 46 37 7D 03 02 46 34 7A 03 
02 52 48 9A 03 02 46 31 77 03 02 46 35 7B 03 02 46 36 7C 03 
02 46 37 7D 03 02 46 34 7A 03 02 52 48 9A 03 02 46 31 77 03 
02 46 35 7B 03 02 46 36 7C 03 02 46 37 7D 03 02 46 34 7A 03 
02 52 48 9A 03 02 46 31 77 03 02 46 35 7B 03 02 46 36 7C 03 
02 46 37 7D 03 02 46 34 7A 03 02 52 48 9A 03 02 46 31 77 03 
02 46 35 7B 03 02 46 36 7C 03 02 46 37 7D 03 02 46 34 7A 03 
02 52 48 9A 03 02 46 31 77 03 02 46 35 7B 03 02 46 36 7C 03 
02 46 37 7D 03 02 46 34 7A 03 02 52 48 9A 03 02 46 31 77 03 
02 46 35 7B 03 02 46 36 7C 03 02 46 37 7D 03 02 46 34 7A 03 
02 52 48 9A 03                                              
